00001000000100000000000001001110
00000000100001010100000000101010
00010001000000000000000000001000
00000000000001000100000010000000
00000001000001100100000000100000
00100100000000100000000000000101
00000000000000000000000000001100
00000000000000100100100000100000
10101101000010010000000000000000
00100000100001000000000000000001
00001000000100000000000000000001
00000011111000000000000000001000
00000000000001000100000000100000
00000000000001010100100000100000
00000000000001100101000000100000
00000001001010100111100000101010
00110100000000010000000000000001
00000000001011110111100000100011
00010001111000000000000000110110
00000000111010100111100000100000
10001101111011110000000000000000
00000001000011110111100000101010
00110100000000010000000000000001
00000000001011110111100000100011
00010001111000000000000000110000
00000000111010010111100000100000
10001101111011110000000000000000
00000001111010000111100000101010
00110100000000010000000000000001
00000000001011110111100000100011
00010001111000000000000000101010
00000000111010010111100000100000
10001101111010110000000000000000
00000000111010100111100000100000
10001101111011000000000000000000
00000000000010010100100010000010
00000000000010100101000010000010
00000001001010100110100000100010
00000001011011000111000000100010
00000001000011000111100000100010
01000100100011010000000000000000
01000100100011100000100000000000
01000110100000000000000000100001
01000100100011100001000000000000
01000100100011110001100000000000
01000110100000000001000010100001
01000100100011110010000000000000
01000100100100000010100000000000
01000110100000000010000100100001
01000110001000100010000010000011
01000110001000100000000000000010
01000110001000000000000000100100
01000100000011100000000000000000
01000100000011110000100000000000
00000001110010100101100000100000
00000000000010110101100010000000
00000000000010100101000010000000
00000000000010010100100010000000
00000000111010110111100000100000
10001101111011110000000000000000
00000001000011110111000000100010
00010001110000000000000000001101
00000001000011110111000000101010
00010001110000000000000000000101
00000000000010000010000000100000
00100000000000010000000000000100
00000001011000010010100000100010
00000000000010100011000000100000
00001000000100000000000000001100
00000000000010000010000000100000
00000000000010010010100000100000
00100001011001100000000000000100
00001000000100000000000000001100
00100000000000101111111111111111
00000011111000000000000000001000
00000000000010110101100010000010
00000000000010110001000000100000
00000011111000000000000000001000
00100100000000100000000000000100
00111100000000010001000000000001
00110100001001000000000000000000
00000000000000000000000000001100
00100100000000100000000000000101
00000000000000000000000000001100
00000000000000100100000000100000
00100100000000100000000000000100
00111100000000010001000000000001
00110100001001000000000000011100
00000000000000000000000000001100
00100100000000100000000000000101
00000000000000000000000000001100
00000000000000100100100000100000
00100100000000100000000000000100
00111100000000010001000000000001
00110100001001000000000000111110
00000000000000000000000000001100
00100010000100000000000000000000
00000000000010001000100000100000
00000000000010011001000000100000
00111100000101000001000000000000
00110110100101000000000100101000
00000000000100000010000000100000
00000000000100010010100000100000
00000000000101000011000000100000
00001100000100000000000000000001
00000000000100101000000000100000
00100000000000010000000000000001
00000010001000011000100000100010
00000000000100011001000010000000
00000000000100000010000000100000
00000000000100100010100000100000
00000000000000000011000000100000
00000000000101000011100000100000
00001100000100000000000000001100
00000000000000101001100000100000
00100100000000100000000000000001
00000000000100110010000000100000
00000000000000000000000000001100
